<svg xmlns="http://www.w3.org/2000/svg" xml:space="preserve" width="496.711mm" height="259.645mm" version="1.1" style="shape-rendering:geometricPrecision; text-rendering:geometricPrecision; image-rendering:optimizeQuality; fill-rule:evenodd; clip-rule:evenodd"
viewBox="0 0 57878.66 30254.77"
 xmlns:xlink="http://www.w3.org/1999/xlink"
 xmlns:xodm="http://www.corel.com/coreldraw/odm/2003">
 <defs>
  <style type="text/css">
   <![CDATA[
    .fil0 {fill:#B2E5EE}
    .fil1 {fill:url(#id0)}
    .fil2 {fill:url(#id1)}
   ]]>
  </style>
  <linearGradient id="id0" gradientUnits="userSpaceOnUse" x1="53930.93" y1="3062.72" x2="5364.86" y2="24061.89">
   <stop offset="0" style="stop-opacity:1; stop-color:#1B47C3"/>
   <stop offset="0.239216" style="stop-opacity:1; stop-color:#1F80D4"/>
   <stop offset="0.541176" style="stop-opacity:1; stop-color:#1D61C8"/>
   <stop offset="1" style="stop-opacity:1; stop-color:#26E3E6"/>
  </linearGradient>
  <linearGradient id="id1" gradientUnits="userSpaceOnUse" x1="7999.85" y1="28856.43" x2="19118.44" y2="1398.33">
   <stop offset="0" style="stop-opacity:1; stop-color:#1D3DBD"/>
   <stop offset="1" style="stop-opacity:1; stop-color:#24BBDF"/>
  </linearGradient>
 </defs>
 <g id="Camada_x0020_1">
  <metadata id="CorelCorpID_0Corel-Layer"/>
  <rect class="fil0" width="57878.66" height="30254.77"/>
  <g id="_105553221539232">
   <path class="fil1" d="M14743.44 18808.11c614.56,228.96 1221.69,366.26 1821.86,411.07 704.95,30.46 1354.19,59.3 2064.39,5.76l0 -0.01 0.01 0.01c986.56,-85.1 1957.09,-254.05 2911.6,-507.26 600.98,-157.45 1197.03,-339.12 1787.74,-544.67l0 -0.01c869.4,-311.19 1725.24,-663.45 2567.53,-1057.66l-11.83 11.16 11.84 -11.17 1909.43 -959.85 -0.01 0c756.8,-403.27 1499.58,-823.37 2228.41,-1259.52l1816.93 -1118.92 -0.01 -0.01c997.66,-629.76 1989.98,-1263.22 2976.15,-1900.37 596.07,-385.18 1203.2,-759.25 1821.03,-1122.64 1014.95,-609.62 1951.35,-1131.26 2809.67,-1564.12 2383.39,-1202.39 4929.55,-1981.36 7638.09,-2337.34 626.9,-82.22 1280.48,-136.06 1960.4,-161.97 1096.33,-41.52 2117,-32.88 3193.6,73.17l1135 143.46c738.26,111.82 1468.3,252.82 2189.74,423 781.85,183.33 1549.73,405.32 2303.65,666.34l0 703.34 0 2278.56 0 5438.86c-1435.04,-753.49 -2938.34,-1301.85 -4509.05,-1645.92l-1045.74 -191.57 -0.01 0 0 0.01 -1585.9 -146.76 -0.01 0c-1092.99,-44.4 -2183.19,21.38 -3271.3,196.91 -613.72,101.53 -1223.76,240.47 -1829.26,416 -418.46,122.9 -718.96,217.86 -901.88,284.87 -993.54,365.85 -1914.36,791.31 -2762.39,1276.38 -680.3,389.27 -1231.56,729.23 -1652.91,1019.04 -872.69,600.16 -1684.15,1148.12 -2435.17,1644.28 -63.31,41.93 -215,135.66 -455.06,281.59l-1348.72 814.33 -941.35 559.05 -1850.64 1047.41c-888.3,487.94 -1786.09,955.74 -2692.49,1404.22 -843.1,413.95 -1696.49,802.83 -2560.16,1167.44 -855.02,358.87 -1721.56,689.77 -2600.01,992.74 -1134.13,386.81 -2285.56,705.81 -3453.4,957.38 -932.41,204.55 -2403.99,472.32 -3342.82,472.32 -341.6,17.68 -683.61,29.6 -1026.03,35.35 -1507.39,25.08 -2987.66,-164.02 -4440.38,-567.68 -1104.95,-302.15 -2158.52,-733.76 -3160.72,-1295.7 -156.61,-87.56 -311.58,-175.53 -464.92,-263.9 -37,-9.46 -62.89,-26.72 -77.28,-51.79 -666.34,-404.91 -1288.71,-862.84 -1867.49,-1373.4 -381.46,-345.7 -746.5,-704.98 -1095.5,-1077.4 -409.43,-436.98 -788.03,-895.73 -1136.2,-1377.09 -39.05,-53.86 -76.87,-108.94 -113.46,-165.25l-439.42 -639.21 -0.01 0c-203.47,-339.13 -406.54,-681.55 -608.79,-1026.85 -9.04,-15.21 -24.25,-27.53 -45.22,-36.58 6.99,-11.93 5.76,-27.55 -4.1,-46.87 -338.32,-663.47 -662.24,-1331.87 -936.01,-2025.35 -88.37,-201.42 -169.36,-406.54 -243.35,-614.95 -438.62,-1233.63 -773.23,-2471.76 -1003.42,-3713.61 -166.9,-899.83 -295.56,-1744.99 -391.35,-2676.06 -101.95,-989.86 -158.26,-2155.65 -168.95,-3497.38 -11.92,-1513.17 140.18,-3056.31 456.7,-4629.48 151.68,-754.72 284.87,-1356.12 399.56,-1803.78l4758.95 -0.01 0 0.01 0.01 0 3475.18 -0.01c-228.55,574.67 -434.51,1152.65 -617.84,1734.32 -434.49,1440.39 -680.73,2818.3 -706.22,4267.32 -15.21,882.56 8.63,1761.43 71.52,2636.61l0.01 -0.01c94.96,1137.03 271.3,2257.19 528.21,3360.09l0.01 0c136.88,579.19 304.59,1145.65 503.14,1698.95l0.01 0c60.42,124.55 121.67,272.13 184.15,443.55 2.88,7.4 9.45,9.87 20.55,6.99 -4.11,23.83 -2.47,45.21 4.93,64.12 131.95,339.54 284.46,672.52 457.11,998.9 489.24,904.55 1095.17,1742.36 1900.37,2392.01 575.09,472.74 1204.84,834.47 1889.28,1085.23zm34836.48 -8727.14c-6.56,8.67 -13.05,17.36 -19.49,26.08 6.44,-8.72 12.93,-17.42 19.49,-26.08zm-48.12 65.49c-6.29,8.79 -12.51,17.63 -18.73,26.5 6.21,-8.88 12.44,-17.71 18.73,-26.5zm-82.76 121.21c-6.02,9.19 -12.01,18.45 -18.01,27.76 6,-9.31 12,-18.56 18.01,-27.76zm-35.99 55.88c-5.99,9.44 -11.96,18.95 -17.96,28.53 5.99,-9.58 11.97,-19.09 17.96,-28.53zm-63.14 101.81c-12.14,19.95 -24.35,40.24 -36.74,60.92 12.37,-20.68 24.6,-40.97 36.74,-60.92zm6668.28 3429.64c-15.29,14.54 -30.7,28.98 -46.18,43.34 15.47,-14.36 30.89,-28.82 46.18,-43.34zm-92.87 86.12c-15.64,14.17 -31.36,28.25 -47.17,42.24 15.81,-13.99 31.53,-28.07 47.17,-42.24zm-94.84 83.96c-31.92,27.63 -64.17,54.92 -96.7,81.86 32.53,-26.94 64.79,-54.23 96.7,-81.86zm-121.17 102c-16.32,13.39 -32.74,26.7 -49.23,39.92 16.49,-13.23 32.91,-26.53 49.23,-39.92zm-199.5 156.74c-16.88,12.74 -33.85,25.4 -50.87,37.99 17.02,-12.58 33.99,-25.25 50.87,-37.99zm-4382.77 -656.18c-8.38,15.11 -16.72,30.24 -25.02,45.43 8.3,-15.19 16.64,-30.32 25.02,-45.43zm-37.43 68.25c-12.37,22.84 -24.64,45.78 -36.82,68.8 12.18,-23.01 24.45,-45.95 36.82,-68.8zm-61.06 114.96c-12.05,23.14 -23.98,46.38 -35.82,69.7 11.84,-23.33 23.77,-46.56 35.82,-69.7zm-59.38 116.48c-11.71,23.44 -23.3,46.98 -34.82,70.61 11.51,-23.63 23.11,-47.17 34.82,-70.61zm-46.31 94.27c-15.26,31.59 -30.33,63.33 -45.23,95.25 14.9,-31.9 29.97,-63.66 45.23,-95.25zm-45.25 95.25c-7.45,15.95 -14.85,31.95 -22.21,47.98 7.36,-16.03 14.76,-32.03 22.21,-47.98zm-44.17 96.21c-7.27,16.12 -14.48,32.28 -21.67,48.47 7.19,-16.2 14.4,-32.36 21.67,-48.47zm-32.43 72.79c-7.14,16.23 -14.23,32.51 -21.28,48.84 7.05,-16.31 14.13,-32.59 21.28,-48.84zm-18828.91 -429.84c-8.7,-5.87 -17.47,-11.77 -26.29,-17.63l26.29 17.63zm-8597.96 4394.26l0 -0.01 -11.26 -19.12 0 -0.01 -11.27 -19.24 0 -0.01 -11.27 -19.37 0 -0.01 -11.29 -19.48m1936.54 7024.87c-22.4,-43.75 -44.88,-87.43 -67.46,-131 22.57,43.57 45.06,87.24 67.46,131zm3280.89 -4165.63c-9.87,-11.57 -19.7,-23.1 -29.55,-34.54 9.85,11.44 19.69,22.96 29.55,34.54zm7800.05 -8335.47c-3.05,-17.93 -5.94,-35.95 -8.7,-54.04 2.76,18.1 5.65,36.11 8.7,54.04zm-26697.67 -312.14c9.66,-18.38 19.31,-36.88 28.96,-55.52 -9.65,18.64 -19.3,37.15 -28.96,55.52z"/>
   <path class="fil2" d="M8030.25 25854.26c-1928.74,1225.4 -3957.37,2355.84 -6085.88,3391.74 -718.96,349.83 -1366.81,645.8 -1944.36,888.74l0 -8572.87 1457.65 -800.34c914.22,-522.89 1826.38,-1054.81 2707.3,-1634 20.97,9.04 36.18,21.37 45.22,36.58 202.25,345.31 405.32,687.72 608.8,1026.85l439.42 639.21c36.59,56.32 74.41,111.4 113.46,165.25 348.17,481.36 726.77,940.11 1136.2,1377.09 349,372.42 714.02,731.7 1095.5,1077.4 578.79,510.55 1201.15,968.49 1867.49,1373.4 14.39,25.06 40.28,42.33 77.28,51.79 -5.34,0.41 -10.69,0.41 -15.61,0.82 -10.28,0.41 -20.15,4.11 -28.36,9.87 -482.19,341.6 -973.84,664.29 -1474.11,968.48zm11243.18 -9476.4l0 0.01 -0.01 0c-840.64,971.76 -1743.34,1918.87 -2708.12,2841.32 -600.16,-44.82 -1207.31,-182.1 -1821.86,-411.07 -684.43,-250.76 -1314.19,-612.5 -1889.28,-1085.23 -408.59,-329.68 -773.64,-707.86 -1095.5,-1134.55 -299.66,-400.39 -568.1,-819.67 -804.88,-1257.47 -172.64,-326.39 -325.16,-659.35 -457.11,-998.9 -7.4,-18.91 -9.04,-40.28 -4.93,-64.12l580.43 -530.29c644.14,-614.55 1261.58,-1245.53 1852.29,-1892.56l0 -0.01 0.01 0c540.15,-588.65 1053.14,-1199.5 1539.44,-1832.14l703.76 -917.51c561.94,-767.88 1084.81,-1569.05 1568.64,-2403.93 298.02,-499.04 575.07,-1011.22 831.58,-1536.58l0.01 -0.02c288.17,-581.66 547.95,-1171.54 779.38,-1770.04 366.68,-920.4 644.97,-1865.85 835.3,-2836.79l76.87 -427.95 7858.83 0c-126.59,1102.49 -334.2,2188.55 -623.18,3258.56 -205.12,752.25 -434.91,1495.06 -689.77,2227.99l0 0.01c-312.82,875.99 -671.28,1734.71 -1076.18,2576.59l-409.01 840.22 -27.02 -17.97 27.01 17.98c-344.47,673.32 -711.97,1337.2 -1102.07,1991.22l-618.66 986.15c-441.08,698.41 -913,1375.87 -1415.73,2032.34 -612.5,803.64 -1249.24,1585.5 -1910.24,2344.74zm4952.07 -7417.16c22.54,14.86 45.07,29.77 67.61,44.73 -22.52,-14.96 -45.06,-29.87 -67.61,-44.73zm-11301.05 2884.29l0 0.01"/>
  </g>
 </g>
</svg>
